{
    "RPi.GPIO": 44.70588235294118,
    "requests": 23.52941176470588,
    "picamera": 21.176470588235293,
    "alsaaudio": 11.76470588235294,
    "cherrypy": 11.76470588235294,
    "memcache": 11.76470588235294,
    "serial": 11.76470588235294,
    "Adafruit_DHT": 10.588235294117647,
    "cv2": 10.588235294117647,
    "paho": 8.235294117647058,
    "pocketsphinx": 8.235294117647058,
    "PIL": 7.0588235294117645,
    "flask": 7.0588235294117645,
    "pygame": 7.0588235294117645,
    "speech_recognition": 7.0588235294117645,
    "pyaudio": 5.88235294117647,
    "MySQLdb": 4.705882352941177,
    "bluetooth": 4.705882352941177,
    "mraa": 4.705882352941177,
    "oauth2client": 4.705882352941177,
    "smbus": 4.705882352941177,
    "webrtcvad": 4.705882352941177,
    "yaml": 4.705882352941177,
    "AWSIoTPythonSDK": 3.5294117647058822,
    "boto3": 3.5294117647058822,
    "gtts": 3.5294117647058822,
    "httplib2": 3.5294117647058822,
    "pycurl": 3.5294117647058822,
    "tweepy": 3.5294117647058822,
    "vlc": 3.5294117647058822,
    "wolframalpha": 3.5294117647058822,
    "Adafruit_BBIO": 2.3529411764705883,
    "ISStreamer": 2.3529411764705883,
    "cec": 2.3529411764705883,
    "dropbox": 2.3529411764705883,
    "feedparser": 2.3529411764705883,
    "gevent": 2.3529411764705883,
    "googleapiclient": 2.3529411764705883,
    "imutils": 2.3529411764705883,
    "monotonic": 2.3529411764705883,
    "numpy": 2.3529411764705883,
    "pubnub": 2.3529411764705883,
    "scapy": 2.3529411764705883,
    "sphinxbase": 2.3529411764705883,
    "websocket": 2.3529411764705883,
    "wiringpi2": 2.3529411764705883,
    "xively": 2.3529411764705883,
    "APDS9300": 1.1764705882352942,
    "Adafruit_CharLCDPlate": 1.1764705882352942,
    "Adafruit_GPIO": 1.1764705882352942
}
